N     // Directed
N     // Weighted
35    // Number of Verticies
14    // Degree of vertex 1
2
3
9
11
12
14
16
18
20
23
24
28
29
31
20    // Degree of vertex 2
1
5
6
7
11
13
14
15
16
17
22
23
24
25
28
29
30
32
33
35
23    // Degree of vertex 3
1
4
5
6
8
9
11
12
13
14
16
17
19
20
25
26
27
28
29
30
33
34
35
19    // Degree of vertex 4
3
6
7
9
12
13
14
16
18
19
21
23
24
25
26
27
32
34
35
19    // Degree of vertex 5
2
3
6
9
13
14
15
16
17
18
20
21
22
23
24
26
29
31
35
21    // Degree of vertex 6
2
3
4
5
8
10
11
12
13
15
16
18
22
23
24
26
27
28
30
31
35
18    // Degree of vertex 7
2
4
11
12
13
15
17
18
19
21
26
27
29
31
32
33
34
35
14    // Degree of vertex 8
3
6
9
10
11
15
16
17
20
25
26
28
34
35
16    // Degree of vertex 9
1
3
4
5
8
11
14
17
18
19
20
21
22
28
30
33
14    // Degree of vertex 10
6
8
11
15
18
22
24
26
27
28
29
30
34
35
22    // Degree of vertex 11
1
2
3
6
7
8
9
10
12
13
14
15
16
17
18
21
23
24
27
28
29
34
21    // Degree of vertex 12
1
3
4
6
7
11
13
14
15
16
18
19
20
21
22
25
26
29
31
34
35
20    // Degree of vertex 13
2
3
4
5
6
7
11
12
14
15
17
19
20
21
24
26
31
32
33
34
20    // Degree of vertex 14
1
2
3
4
5
9
11
12
13
18
19
24
25
26
28
29
30
31
32
33
19    // Degree of vertex 15
2
5
6
7
8
10
11
12
13
16
18
23
24
25
28
29
30
31
32
20    // Degree of vertex 16
1
2
3
4
5
6
8
11
12
15
17
18
19
20
25
28
30
32
33
34
17    // Degree of vertex 17
2
3
5
7
8
9
11
13
16
23
25
27
28
29
31
33
35
21    // Degree of vertex 18
1
4
5
6
7
9
10
11
12
14
15
16
19
21
24
28
29
30
32
33
35
15    // Degree of vertex 19
3
4
7
9
12
13
14
16
18
24
25
28
31
32
33
17    // Degree of vertex 20
1
3
5
8
9
12
13
16
21
25
28
29
30
31
32
34
35
17    // Degree of vertex 21
4
5
7
9
11
12
13
18
20
22
23
25
27
30
31
34
35
14    // Degree of vertex 22
2
5
6
9
10
12
21
24
25
26
28
32
34
35
14    // Degree of vertex 23
1
2
4
5
6
11
15
17
21
25
26
27
33
34
20    // Degree of vertex 24
1
2
4
5
6
10
11
13
14
15
18
19
22
25
26
28
29
31
34
35
21    // Degree of vertex 25
2
3
4
8
12
14
15
16
17
19
20
21
22
23
24
26
29
30
31
33
35
20    // Degree of vertex 26
3
4
5
6
7
8
10
12
13
14
22
23
24
25
28
29
31
32
34
35
14    // Degree of vertex 27
3
4
6
7
10
11
17
21
23
29
31
32
33
34
22    // Degree of vertex 28
1
2
3
6
8
9
10
11
14
15
16
17
18
19
20
22
24
26
29
31
33
35
20    // Degree of vertex 29
1
2
3
5
7
10
11
12
14
15
17
18
20
24
25
26
27
28
30
31
16    // Degree of vertex 30
2
3
6
9
10
14
15
16
18
20
21
25
29
31
33
35
21    // Degree of vertex 31
1
5
6
7
12
13
14
15
17
19
20
21
24
25
26
27
28
29
30
32
35
16    // Degree of vertex 32
2
4
7
13
14
15
16
18
19
20
22
26
27
31
33
35
16    // Degree of vertex 33
2
3
7
9
13
14
16
17
18
19
23
25
27
28
30
32
17    // Degree of vertex 34
3
4
7
8
10
11
12
13
16
20
21
22
23
24
26
27
35
22    // Degree of vertex 35
2
3
4
5
6
7
8
10
12
17
18
20
21
22
24
25
26
28
30
31
32
34
