N     // Directed
N     // Weighted
40    // Number of Verticies
21    // Degree of vertex 1
2
6
8
10
11
13
16
20
21
24
25
26
28
29
30
31
33
36
38
39
40
18    // Degree of vertex 2
1
6
7
9
10
11
14
19
21
26
27
28
31
33
34
37
39
40
18    // Degree of vertex 3
4
7
8
10
11
14
16
17
22
23
25
27
29
31
32
33
34
35
15    // Degree of vertex 4
3
5
6
7
10
17
21
23
28
29
30
31
34
37
38
18    // Degree of vertex 5
4
7
9
10
12
15
17
19
24
25
26
27
31
32
33
34
35
36
16    // Degree of vertex 6
1
2
4
7
10
11
15
16
18
19
21
22
29
30
34
39
23    // Degree of vertex 7
2
3
4
5
6
8
9
12
13
19
22
24
25
28
29
30
31
32
34
35
37
39
40
22    // Degree of vertex 8
1
3
7
9
10
12
14
15
16
17
19
20
21
23
25
28
30
31
33
34
36
39
25    // Degree of vertex 9
2
5
7
8
11
12
13
14
15
19
21
22
23
25
26
27
29
31
32
33
34
36
37
39
40
27    // Degree of vertex 10
1
2
3
4
5
6
8
11
12
13
15
17
18
20
21
24
25
26
27
28
29
30
32
34
35
37
40
22    // Degree of vertex 11
1
2
3
6
9
10
12
14
16
18
23
24
25
26
27
28
29
33
35
38
39
40
19    // Degree of vertex 12
5
7
8
9
10
11
14
18
22
23
25
27
29
30
34
35
36
38
39
16    // Degree of vertex 13
1
7
9
10
14
16
17
18
20
21
22
27
30
32
37
40
16    // Degree of vertex 14
2
3
8
9
11
12
13
18
19
21
22
23
29
35
36
39
14    // Degree of vertex 15
5
6
8
9
10
16
17
18
21
24
25
30
37
38
20    // Degree of vertex 16
1
3
6
8
11
13
15
17
20
21
23
28
29
30
31
32
34
36
38
40
19    // Degree of vertex 17
3
4
5
8
10
13
15
16
18
22
23
24
26
29
31
33
36
38
40
18    // Degree of vertex 18
6
10
11
12
13
14
15
17
19
20
21
26
27
28
32
36
38
39
21    // Degree of vertex 19
2
5
6
7
8
9
14
18
20
24
25
26
28
30
31
32
33
34
37
39
40
19    // Degree of vertex 20
1
8
10
13
16
18
19
21
22
23
26
27
28
29
31
34
36
38
39
20    // Degree of vertex 21
1
2
4
6
8
9
10
13
14
15
16
18
20
23
25
26
31
32
36
40
18    // Degree of vertex 22
3
6
7
9
12
13
14
17
20
23
25
26
28
31
32
33
36
37
22    // Degree of vertex 23
3
4
8
9
11
12
14
16
17
20
21
22
24
25
26
27
28
29
30
31
32
37
16    // Degree of vertex 24
1
5
7
10
11
15
17
19
23
26
30
32
35
36
37
38
23    // Degree of vertex 25
1
3
5
7
8
9
10
11
12
15
19
21
22
23
27
31
32
33
34
35
36
39
40
20    // Degree of vertex 26
1
2
5
9
10
11
17
18
19
20
21
22
23
24
30
32
33
34
38
40
22    // Degree of vertex 27
2
3
5
9
10
11
12
13
18
20
23
25
28
29
30
33
34
35
36
37
38
40
21    // Degree of vertex 28
1
2
4
7
8
10
11
16
18
19
20
22
23
27
29
31
33
34
35
39
40
20    // Degree of vertex 29
1
3
4
6
7
9
10
11
12
14
16
17
20
23
27
28
35
36
38
40
19    // Degree of vertex 30
1
4
6
7
8
10
12
13
15
16
19
23
24
26
27
33
34
37
38
21    // Degree of vertex 31
1
2
3
4
5
7
8
9
16
17
19
20
21
22
23
25
28
37
38
39
40
19    // Degree of vertex 32
3
5
7
9
10
13
16
18
19
21
22
23
24
25
26
33
34
35
39
22    // Degree of vertex 33
1
2
3
5
8
9
11
17
19
22
25
26
27
28
30
32
34
35
36
37
39
40
22    // Degree of vertex 34
2
3
4
5
6
7
8
9
10
12
16
19
20
25
26
27
28
30
32
33
38
39
18    // Degree of vertex 35
3
5
7
10
11
12
14
24
25
27
28
29
32
33
37
38
39
40
19    // Degree of vertex 36
1
5
8
9
12
14
16
17
18
20
21
22
24
25
27
29
33
39
40
17    // Degree of vertex 37
2
4
7
9
10
13
15
19
22
23
24
27
30
31
33
35
38
19    // Degree of vertex 38
1
4
11
12
15
16
17
18
20
24
26
27
29
30
31
34
35
37
40
20    // Degree of vertex 39
1
2
6
7
8
9
11
12
14
18
19
20
25
28
31
32
33
34
35
36
21    // Degree of vertex 40
1
2
7
9
10
11
13
16
17
19
21
25
26
27
28
29
31
33
35
36
38
